$$$ exec p2 : [../anestor.filler]
rect x 0 y 0 h 2 w 2
Plateau 15 17: x: 17 y: 15
    01234567890123456
000 .................
001 .................
002 .................
003 .................
004 .................
005 .................
006 .................
007 OO...............
008 OOO..............
009 .................
010 .................
011 .................
012 ..............X..
013 .................
014 .................
Piece 2 2: x: 2 y: 2
*.
.*
size x: 17, y: 15
0000: 10 9 8 9 10 11 12 13 14 15 16 17 18 19 20 21 22 
0001: 9 8 7 8 9 10 11 12 13 14 15 16 17 18 19 20 21 
0002: 8 7 6 7 8 9 10 11 12 13 14 15 16 17 18 19 20 
0003: 7 6 5 6 7 8 9 10 11 12 13 14 15 16 17 18 19 
0004: 6 5 4 5 6 7 8 9 10 11 12 13 14 15 16 17 18 
0005: 5 4 3 4 5 6 7 8 9 10 11 12 13 14 15 16 17 
0006: 4 3 2 3 4 5 6 7 8 9 10 11 12 13 14 15 16 
0007: 3 2 1 2 3 4 5 6 7 8 9 10 11 12 13 14 15 
0008: 2 1 0 1 2 3 4 5 6 7 8 9 10 11 12 13 14 
0009: 3 2 1 2 3 4 5 6 7 8 9 10 11 12 13 14 15 
0010: 4 3 2 3 4 5 6 7 8 9 10 11 12 13 14 15 16 
0011: 5 4 3 4 5 6 7 8 9 10 11 12 13 14 15 16 17 
0012: 6 5 4 5 6 7 8 9 10 11 12 13 14 15 16 17 18 
0013: 7 6 5 6 7 8 9 10 11 12 13 14 15 16 17 18 19 
0014: 8 7 6 7 8 9 10 11 12 13 14 15 16 17 18 19 20 
e_pos x 0 y 7
size x: 17, y: 15
0000: 10 9 8 9 10 11 12 13 14 15 16 17 18 19 20 21 22 
0001: 9 8 7 8 9 10 11 12 13 14 15 16 17 18 19 20 21 
0002: 8 7 6 7 8 9 10 11 12 13 14 15 16 17 18 19 20 
0003: 7 6 5 6 7 8 9 10 11 12 13 14 15 16 17 18 19 
0004: 6 5 4 5 6 7 8 9 10 11 12 13 14 15 16 17 18 
0005: 5 4 3 4 5 6 7 8 9 10 11 12 13 14 15 16 17 
0006: 4 3 2 3 4 5 6 7 8 9 10 11 12 13 14 15 16 
0007: 3 2 1 2 3 4 5 6 7 8 9 10 11 12 13 14 15 
0008: 2 1 0 1 2 3 4 5 6 7 8 9 10 11 12 13 14 
0009: 3 2 1 2 3 4 5 6 7 8 9 10 11 12 13 14 15 
0010: 4 3 2 3 4 5 6 7 8 9 10 11 12 13 14 15 16 
0011: 5 4 3 4 5 6 7 8 9 10 11 12 13 14 15 16 17 
0012: 6 5 4 5 6 7 8 9 10 11 12 13 14 15 16 17 18 
0013: 7 6 5 6 7 8 9 10 11 12 13 14 15 16 17 18 19 
0014: 8 7 6 7 8 9 10 11 12 13 14 15 16 17 18 19 20 
e_pos x 0 y 7
x 13 y 11 z 14
11 13
rect x 0 y 0 h 1 w 2
Plateau 15 17: x: 17 y: 15
    01234567890123456
000 .................
001 .................
002 .................
003 .................
004 .................
005 .................
006 .................
007 OOO..............
008 OOO..............
009 .................
010 .................
011 .............X...
012 ..............X..
013 .................
014 .................
Piece 1 2: x: 2 y: 1
**
size x: 17, y: 15
0000: 10 9 8 9 10 11 12 13 14 15 16 17 18 19 20 21 22 
0001: 9 8 7 8 9 10 11 12 13 14 15 16 17 18 19 20 21 
0002: 8 7 6 7 8 9 10 11 12 13 14 15 16 17 18 19 20 
0003: 7 6 5 6 7 8 9 10 11 12 13 14 15 16 17 18 19 
0004: 6 5 4 5 6 7 8 9 10 11 12 13 14 15 16 17 18 
0005: 5 4 3 4 5 6 7 8 9 10 11 12 13 14 15 16 17 
0006: 4 3 2 3 4 5 6 7 8 9 10 11 12 13 14 15 16 
0007: 3 2 1 2 3 4 5 6 7 8 9 10 11 12 13 14 15 
0008: 2 1 0 1 2 3 4 5 6 7 8 9 10 11 12 13 14 
0009: 3 2 1 2 3 4 5 6 7 8 9 10 11 12 13 14 15 
0010: 4 3 2 3 4 5 6 7 8 9 10 11 12 13 14 15 16 
0011: 5 4 3 4 5 6 7 8 9 10 11 12 13 14 15 16 17 
0012: 6 5 4 5 6 7 8 9 10 11 12 13 14 15 16 17 18 
0013: 7 6 5 6 7 8 9 10 11 12 13 14 15 16 17 18 19 
0014: 8 7 6 7 8 9 10 11 12 13 14 15 16 17 18 19 20 
e_pos x 0 y 7
size x: 17, y: 15
0000: 10 9 8 9 10 11 12 13 14 15 16 17 18 19 20 21 22 
0001: 9 8 7 8 9 10 11 12 13 14 15 16 17 18 19 20 21 
0002: 8 7 6 7 8 9 10 11 12 13 14 15 16 17 18 19 20 
0003: 7 6 5 6 7 8 9 10 11 12 13 14 15 16 17 18 19 
0004: 6 5 4 5 6 7 8 9 10 11 12 13 14 15 16 17 18 
0005: 5 4 3 4 5 6 7 8 9 10 11 12 13 14 15 16 17 
0006: 4 3 2 3 4 5 6 7 8 9 10 11 12 13 14 15 16 
0007: 3 2 1 2 3 4 5 6 7 8 9 10 11 12 13 14 15 
0008: 2 1 0 1 2 3 4 5 6 7 8 9 10 11 12 13 14 
0009: 3 2 1 2 3 4 5 6 7 8 9 10 11 12 13 14 15 
0010: 4 3 2 3 4 5 6 7 8 9 10 11 12 13 14 15 16 
0011: 5 4 3 4 5 6 7 8 9 10 11 12 13 14 15 16 17 
0012: 6 5 4 5 6 7 8 9 10 11 12 13 14 15 16 17 18 
0013: 7 6 5 6 7 8 9 10 11 12 13 14 15 16 17 18 19 
0014: 8 7 6 7 8 9 10 11 12 13 14 15 16 17 18 19 20 
e_pos x 0 y 7
x 12 y 11 z 13
11 12
rect x 0 y 1 h 1 w 2
Plateau 15 17: x: 17 y: 15
    01234567890123456
000 .................
001 .................
002 .................
003 .................
004 .................
005 .................
006 .................
007 OOOO.............
008 OOO..............
009 .................
010 .................
011 ............XX...
012 ..............X..
013 .................
014 .................
Piece 2 2: x: 2 y: 2
..
**
size x: 17, y: 16
0000: 11 10 9 8 9 10 11 12 13 14 15 16 17 18 19 20 21 
0001: 10 9 8 7 8 9 10 11 12 13 14 15 16 17 18 19 20 
0002: 9 8 7 6 7 8 9 10 11 12 13 14 15 16 17 18 19 
0003: 8 7 6 5 6 7 8 9 10 11 12 13 14 15 16 17 18 
0004: 7 6 5 4 5 6 7 8 9 10 11 12 13 14 15 16 17 
0005: 6 5 4 3 4 5 6 7 8 9 10 11 12 13 14 15 16 
0006: 5 4 3 2 3 4 5 6 7 8 9 10 11 12 13 14 15 
0007: 4 3 2 1 2 3 4 5 6 7 8 9 10 11 12 13 14 
0008: 3 2 1 0 1 2 3 4 5 6 7 8 9 10 11 12 13 
0009: 4 3 2 1 2 3 4 5 6 7 8 9 10 11 12 13 14 
0010: 5 4 3 2 3 4 5 6 7 8 9 10 11 12 13 14 15 
0011: 6 5 4 3 4 5 6 7 8 9 10 11 12 13 14 15 16 
0012: 7 6 5 4 5 6 7 8 9 10 11 12 13 14 15 16 17 
0013: 8 7 6 5 6 7 8 9 10 11 12 13 14 15 16 17 18 
0014: 9 8 7 6 7 8 9 10 11 12 13 14 15 16 17 18 19 
0015: 10 9 8 7 8 9 10 11 12 13 14 15 16 17 18 19 20 
e_pos x 0 y 7
size x: 17, y: 16
0000: 11 10 9 8 9 10 11 12 13 14 15 16 17 18 19 20 21 
0001: 10 9 8 7 8 9 10 11 12 13 14 15 16 17 18 19 20 
0002: 9 8 7 6 7 8 9 10 11 12 13 14 15 16 17 18 19 
0003: 8 7 6 5 6 7 8 9 10 11 12 13 14 15 16 17 18 
0004: 7 6 5 4 5 6 7 8 9 10 11 12 13 14 15 16 17 
0005: 6 5 4 3 4 5 6 7 8 9 10 11 12 13 14 15 16 
0006: 5 4 3 2 3 4 5 6 7 8 9 10 11 12 13 14 15 
0007: 4 3 2 1 2 3 4 5 6 7 8 9 10 11 12 13 14 
0008: 3 2 1 0 1 2 3 4 5 6 7 8 9 10 11 12 13 
0009: 4 3 2 1 2 3 4 5 6 7 8 9 10 11 12 13 14 
0010: 5 4 3 2 3 4 5 6 7 8 9 10 11 12 13 14 15 
0011: 6 5 4 3 4 5 6 7 8 9 10 11 12 13 14 15 16 
0012: 7 6 5 4 5 6 7 8 9 10 11 12 13 14 15 16 17 
0013: 8 7 6 5 6 7 8 9 10 11 12 13 14 15 16 17 18 
0014: 9 8 7 6 7 8 9 10 11 12 13 14 15 16 17 18 19 
0015: 10 9 8 7 8 9 10 11 12 13 14 15 16 17 18 19 20 
e_pos x 0 y 7
x 11 y 10 z 11
10 11
rect x 1 y 0 h 2 w 2
Plateau 15 17: x: 17 y: 15
    01234567890123456
000 .................
001 .................
002 .................
003 .................
004 .................
005 .................
006 O................
007 OOOO.............
008 OOO..............
009 .................
010 .................
011 ...........XXX...
012 ..............X..
013 .................
014 .................
Piece 2 3: x: 3 y: 2
..*
.**
size x: 18, y: 15
0000: 11 10 9 8 7 8 9 10 11 12 13 14 15 16 17 18 19 20 
0001: 10 9 8 7 6 7 8 9 10 11 12 13 14 15 16 17 18 19 
0002: 9 8 7 6 5 6 7 8 9 10 11 12 13 14 15 16 17 18 
0003: 8 7 6 5 4 5 6 7 8 9 10 11 12 13 14 15 16 17 
0004: 7 6 5 4 3 4 5 6 7 8 9 10 11 12 13 14 15 16 
0005: 6 5 4 3 2 3 4 5 6 7 8 9 10 11 12 13 14 15 
0006: 5 4 3 2 1 2 3 4 5 6 7 8 9 10 11 12 13 14 
0007: 4 3 2 1 0 1 2 3 4 5 6 7 8 9 10 11 12 13 
0008: 5 4 3 2 1 2 3 4 5 6 7 8 9 10 11 12 13 14 
0009: 6 5 4 3 2 3 4 5 6 7 8 9 10 11 12 13 14 15 
0010: 7 6 5 4 3 4 5 6 7 8 9 10 11 12 13 14 15 16 
0011: 8 7 6 5 4 5 6 7 8 9 10 11 12 13 14 15 16 17 
0012: 9 8 7 6 5 6 7 8 9 10 11 12 13 14 15 16 17 18 
0013: 10 9 8 7 6 7 8 9 10 11 12 13 14 15 16 17 18 19 
0014: 11 10 9 8 7 8 9 10 11 12 13 14 15 16 17 18 19 20 
e_pos x 0 y 7
size x: 18, y: 15
0000: 11 10 9 8 7 8 9 10 11 12 13 14 15 16 17 18 19 20 
0001: 10 9 8 7 6 7 8 9 10 11 12 13 14 15 16 17 18 19 
0002: 9 8 7 6 5 6 7 8 9 10 11 12 13 14 15 16 17 18 
0003: 8 7 6 5 4 5 6 7 8 9 10 11 12 13 14 15 16 17 
0004: 7 6 5 4 3 4 5 6 7 8 9 10 11 12 13 14 15 16 
0005: 6 5 4 3 2 3 4 5 6 7 8 9 10 11 12 13 14 15 
0006: 5 4 3 2 1 2 3 4 5 6 7 8 9 10 11 12 13 14 
0007: 4 3 2 1 0 1 2 3 4 5 6 7 8 9 10 11 12 13 
0008: 5 4 3 2 1 2 3 4 5 6 7 8 9 10 11 12 13 14 
0009: 6 5 4 3 2 3 4 5 6 7 8 9 10 11 12 13 14 15 
0010: 7 6 5 4 3 4 5 6 7 8 9 10 11 12 13 14 15 16 
0011: 8 7 6 5 4 5 6 7 8 9 10 11 12 13 14 15 16 17 
0012: 9 8 7 6 5 6 7 8 9 10 11 12 13 14 15 16 17 18 
0013: 10 9 8 7 6 7 8 9 10 11 12 13 14 15 16 17 18 19 
0014: 11 10 9 8 7 8 9 10 11 12 13 14 15 16 17 18 19 20 
e_pos x 0 y 7
x 9 y 10 z 9
10 9
rect x 0 y 0 h 1 w 3
Plateau 15 17: x: 17 y: 15
    01234567890123456
000 .................
001 .................
002 .................
003 .................
004 .................
005 .O...............
006 OO...............
007 OOOO.............
008 OOO..............
009 .................
010 ...........X.....
011 ..........XXXX...
012 ..............X..
013 .................
014 .................
Piece 1 3: x: 3 y: 1
***
size x: 17, y: 15
0000: 6 5 6 7 8 9 10 11 12 13 14 15 16 17 18 19 20 
0001: 5 4 5 6 7 8 9 10 11 12 13 14 15 16 17 18 19 
0002: 4 3 4 5 6 7 8 9 10 11 12 13 14 15 16 17 18 
0003: 3 2 3 4 5 6 7 8 9 10 11 12 13 14 15 16 17 
0004: 2 1 2 3 4 5 6 7 8 9 10 11 12 13 14 15 16 
0005: 1 0 1 2 3 4 5 6 7 8 9 10 11 12 13 14 15 
0006: 2 1 2 3 4 5 6 7 8 9 10 11 12 13 14 15 16 
0007: 3 2 3 4 5 6 7 8 9 10 11 12 13 14 15 16 17 
0008: 4 3 4 5 6 7 8 9 10 11 12 13 14 15 16 17 18 
0009: 5 4 5 6 7 8 9 10 11 12 13 14 15 16 17 18 19 
0010: 6 5 6 7 8 9 10 11 12 13 14 15 16 17 18 19 20 
0011: 7 6 7 8 9 10 11 12 13 14 15 16 17 18 19 20 21 
0012: 8 7 8 9 10 11 12 13 14 15 16 17 18 19 20 21 22 
0013: 9 8 9 10 11 12 13 14 15 16 17 18 19 20 21 22 23 
0014: 10 9 10 11 12 13 14 15 16 17 18 19 20 21 22 23 24 
e_pos x 0 y 7
size x: 17, y: 15
0000: 6 5 6 7 8 9 10 11 12 13 14 15 16 17 18 19 20 
0001: 5 4 5 6 7 8 9 10 11 12 13 14 15 16 17 18 19 
0002: 4 3 4 5 6 7 8 9 10 11 12 13 14 15 16 17 18 
0003: 3 2 3 4 5 6 7 8 9 10 11 12 13 14 15 16 17 
0004: 2 1 2 3 4 5 6 7 8 9 10 11 12 13 14 15 16 
0005: 1 0 1 2 3 4 5 6 7 8 9 10 11 12 13 14 15 
0006: 2 1 2 3 4 5 6 7 8 9 10 11 12 13 14 15 16 
0007: 3 2 3 4 5 6 7 8 9 10 11 12 13 14 15 16 17 
0008: 4 3 4 5 6 7 8 9 10 11 12 13 14 15 16 17 18 
0009: 5 4 5 6 7 8 9 10 11 12 13 14 15 16 17 18 19 
0010: 6 5 6 7 8 9 10 11 12 13 14 15 16 17 18 19 20 
0011: 7 6 7 8 9 10 11 12 13 14 15 16 17 18 19 20 21 
0012: 8 7 8 9 10 11 12 13 14 15 16 17 18 19 20 21 22 
0013: 9 8 9 10 11 12 13 14 15 16 17 18 19 20 21 22 23 
0014: 10 9 10 11 12 13 14 15 16 17 18 19 20 21 22 23 24 
e_pos x 0 y 7
x 9 y 10 z 13
10 9
rect x 1 y 0 h 1 w 2
Plateau 15 17: x: 17 y: 15
    01234567890123456
000 .................
001 .................
002 .................
003 .................
004 .................
005 OOO..............
006 OO...............
007 OOOO.............
008 OOO..............
009 .................
010 .........XXX.....
011 ..........XXXX...
012 ..............X..
013 .................
014 .................
Piece 1 3: x: 3 y: 1
.**
size x: 18, y: 15
0000: 8 7 6 5 6 7 8 9 10 11 12 13 14 15 16 17 18 19 
0001: 7 6 5 4 5 6 7 8 9 10 11 12 13 14 15 16 17 18 
0002: 6 5 4 3 4 5 6 7 8 9 10 11 12 13 14 15 16 17 
0003: 5 4 3 2 3 4 5 6 7 8 9 10 11 12 13 14 15 16 
0004: 4 3 2 1 2 3 4 5 6 7 8 9 10 11 12 13 14 15 
0005: 3 2 1 0 1 2 3 4 5 6 7 8 9 10 11 12 13 14 
0006: 4 3 2 1 2 3 4 5 6 7 8 9 10 11 12 13 14 15 
0007: 5 4 3 2 3 4 5 6 7 8 9 10 11 12 13 14 15 16 
0008: 6 5 4 3 4 5 6 7 8 9 10 11 12 13 14 15 16 17 
0009: 7 6 5 4 5 6 7 8 9 10 11 12 13 14 15 16 17 18 
0010: 8 7 6 5 6 7 8 9 10 11 12 13 14 15 16 17 18 19 
0011: 9 8 7 6 7 8 9 10 11 12 13 14 15 16 17 18 19 20 
0012: 10 9 8 7 8 9 10 11 12 13 14 15 16 17 18 19 20 21 
0013: 11 10 9 8 9 10 11 12 13 14 15 16 17 18 19 20 21 22 
0014: 12 11 10 9 10 11 12 13 14 15 16 17 18 19 20 21 22 23 
e_pos x 0 y 7
size x: 18, y: 15
0000: 8 7 6 5 6 7 8 9 10 11 12 13 14 15 16 17 18 19 
0001: 7 6 5 4 5 6 7 8 9 10 11 12 13 14 15 16 17 18 
0002: 6 5 4 3 4 5 6 7 8 9 10 11 12 13 14 15 16 17 
0003: 5 4 3 2 3 4 5 6 7 8 9 10 11 12 13 14 15 16 
0004: 4 3 2 1 2 3 4 5 6 7 8 9 10 11 12 13 14 15 
0005: 3 2 1 0 1 2 3 4 5 6 7 8 9 10 11 12 13 14 
0006: 4 3 2 1 2 3 4 5 6 7 8 9 10 11 12 13 14 15 
0007: 5 4 3 2 3 4 5 6 7 8 9 10 11 12 13 14 15 16 
0008: 6 5 4 3 4 5 6 7 8 9 10 11 12 13 14 15 16 17 
0009: 7 6 5 4 5 6 7 8 9 10 11 12 13 14 15 16 17 18 
0010: 8 7 6 5 6 7 8 9 10 11 12 13 14 15 16 17 18 19 
0011: 9 8 7 6 7 8 9 10 11 12 13 14 15 16 17 18 19 20 
0012: 10 9 8 7 8 9 10 11 12 13 14 15 16 17 18 19 20 21 
0013: 11 10 9 8 9 10 11 12 13 14 15 16 17 18 19 20 21 22 
0014: 12 11 10 9 10 11 12 13 14 15 16 17 18 19 20 21 22 23 
e_pos x 0 y 7
x 7 y 10 z 10
10 7
rect x 0 y 0 h 1 w 2
Plateau 15 17: x: 17 y: 15
    01234567890123456
000 .................
001 .................
002 .................
003 .................
004 O................
005 OOO..............
006 OO...............
007 OOOO.............
008 OOO..............
009 .................
010 ........XXXX.....
011 ..........XXXX...
012 ..............X..
013 .................
014 .................
Piece 2 2: x: 2 y: 2
**
..
size x: 17, y: 15
0000: 7 6 5 6 7 8 9 10 11 12 13 14 15 16 17 18 19 
0001: 6 5 4 5 6 7 8 9 10 11 12 13 14 15 16 17 18 
0002: 5 4 3 4 5 6 7 8 9 10 11 12 13 14 15 16 17 
0003: 4 3 2 3 4 5 6 7 8 9 10 11 12 13 14 15 16 
0004: 3 2 1 2 3 4 5 6 7 8 9 10 11 12 13 14 15 
0005: 2 1 0 1 2 3 4 5 6 7 8 9 10 11 12 13 14 
0006: 3 2 1 2 3 4 5 6 7 8 9 10 11 12 13 14 15 
0007: 4 3 2 3 4 5 6 7 8 9 10 11 12 13 14 15 16 
0008: 5 4 3 4 5 6 7 8 9 10 11 12 13 14 15 16 17 
0009: 6 5 4 5 6 7 8 9 10 11 12 13 14 15 16 17 18 
0010: 7 6 5 6 7 8 9 10 11 12 13 14 15 16 17 18 19 
0011: 8 7 6 7 8 9 10 11 12 13 14 15 16 17 18 19 20 
0012: 9 8 7 8 9 10 11 12 13 14 15 16 17 18 19 20 21 
0013: 10 9 8 9 10 11 12 13 14 15 16 17 18 19 20 21 22 
0014: 11 10 9 10 11 12 13 14 15 16 17 18 19 20 21 22 23 
e_pos x 0 y 7
size x: 17, y: 15
0000: 7 6 5 6 7 8 9 10 11 12 13 14 15 16 17 18 19 
0001: 6 5 4 5 6 7 8 9 10 11 12 13 14 15 16 17 18 
0002: 5 4 3 4 5 6 7 8 9 10 11 12 13 14 15 16 17 
0003: 4 3 2 3 4 5 6 7 8 9 10 11 12 13 14 15 16 
0004: 3 2 1 2 3 4 5 6 7 8 9 10 11 12 13 14 15 
0005: 2 1 0 1 2 3 4 5 6 7 8 9 10 11 12 13 14 
0006: 3 2 1 2 3 4 5 6 7 8 9 10 11 12 13 14 15 
0007: 4 3 2 3 4 5 6 7 8 9 10 11 12 13 14 15 16 
0008: 5 4 3 4 5 6 7 8 9 10 11 12 13 14 15 16 17 
0009: 6 5 4 5 6 7 8 9 10 11 12 13 14 15 16 17 18 
0010: 7 6 5 6 7 8 9 10 11 12 13 14 15 16 17 18 19 
0011: 8 7 6 7 8 9 10 11 12 13 14 15 16 17 18 19 20 
0012: 9 8 7 8 9 10 11 12 13 14 15 16 17 18 19 20 21 
0013: 10 9 8 9 10 11 12 13 14 15 16 17 18 19 20 21 22 
0014: 11 10 9 10 11 12 13 14 15 16 17 18 19 20 21 22 23 
e_pos x 0 y 7
x 7 y 10 z 10
10 7
rect x 0 y 0 h 1 w 2
Plateau 15 17: x: 17 y: 15
    01234567890123456
000 .................
001 .................
002 .................
003 .................
004 OO...............
005 OOO..............
006 OO...............
007 OOOO.............
008 OOO..............
009 .................
010 .......XXXXX.....
011 ..........XXXX...
012 ..............X..
013 .................
014 .................
Piece 1 2: x: 2 y: 1
**
size x: 17, y: 15
0000: 5 4 5 6 7 8 9 10 11 12 13 14 15 16 17 18 19 
0001: 4 3 4 5 6 7 8 9 10 11 12 13 14 15 16 17 18 
0002: 3 2 3 4 5 6 7 8 9 10 11 12 13 14 15 16 17 
0003: 2 1 2 3 4 5 6 7 8 9 10 11 12 13 14 15 16 
0004: 1 0 1 2 3 4 5 6 7 8 9 10 11 12 13 14 15 
0005: 2 1 2 3 4 5 6 7 8 9 10 11 12 13 14 15 16 
0006: 3 2 3 4 5 6 7 8 9 10 11 12 13 14 15 16 17 
0007: 4 3 4 5 6 7 8 9 10 11 12 13 14 15 16 17 18 
0008: 5 4 5 6 7 8 9 10 11 12 13 14 15 16 17 18 19 
0009: 6 5 6 7 8 9 10 11 12 13 14 15 16 17 18 19 20 
0010: 7 6 7 8 9 10 11 12 13 14 15 16 17 18 19 20 21 
0011: 8 7 8 9 10 11 12 13 14 15 16 17 18 19 20 21 22 
0012: 9 8 9 10 11 12 13 14 15 16 17 18 19 20 21 22 23 
0013: 10 9 10 11 12 13 14 15 16 17 18 19 20 21 22 23 24 
0014: 11 10 11 12 13 14 15 16 17 18 19 20 21 22 23 24 25 
e_pos x 0 y 7
size x: 17, y: 15
0000: 5 4 5 6 7 8 9 10 11 12 13 14 15 16 17 18 19 
0001: 4 3 4 5 6 7 8 9 10 11 12 13 14 15 16 17 18 
0002: 3 2 3 4 5 6 7 8 9 10 11 12 13 14 15 16 17 
0003: 2 1 2 3 4 5 6 7 8 9 10 11 12 13 14 15 16 
0004: 1 0 1 2 3 4 5 6 7 8 9 10 11 12 13 14 15 
0005: 2 1 2 3 4 5 6 7 8 9 10 11 12 13 14 15 16 
0006: 3 2 3 4 5 6 7 8 9 10 11 12 13 14 15 16 17 
0007: 4 3 4 5 6 7 8 9 10 11 12 13 14 15 16 17 18 
0008: 5 4 5 6 7 8 9 10 11 12 13 14 15 16 17 18 19 
0009: 6 5 6 7 8 9 10 11 12 13 14 15 16 17 18 19 20 
0010: 7 6 7 8 9 10 11 12 13 14 15 16 17 18 19 20 21 
0011: 8 7 8 9 10 11 12 13 14 15 16 17 18 19 20 21 22 
0012: 9 8 9 10 11 12 13 14 15 16 17 18 19 20 21 22 23 
0013: 10 9 10 11 12 13 14 15 16 17 18 19 20 21 22 23 24 
0014: 11 10 11 12 13 14 15 16 17 18 19 20 21 22 23 24 25 
e_pos x 0 y 7
x 6 y 10 z 11
10 6
rect x 1 y 0 h 2 w 2
Plateau 15 17: x: 17 y: 15
    01234567890123456
000 .................
001 .................
002 .................
003 ..O..............
004 OOO..............
005 OOO..............
006 OO...............
007 OOOO.............
008 OOO..............
009 .................
010 ......XXXXXX.....
011 ..........XXXX...
012 ..............X..
013 .................
014 .................
Piece 2 9: x: 9 y: 2
.*.......
..*......
size x: 18, y: 15
0000: 6 5 4 3 4 5 6 7 8 9 10 11 12 13 14 15 16 17 
0001: 5 4 3 2 3 4 5 6 7 8 9 10 11 12 13 14 15 16 
0002: 4 3 2 1 2 3 4 5 6 7 8 9 10 11 12 13 14 15 
0003: 3 2 1 0 1 2 3 4 5 6 7 8 9 10 11 12 13 14 
0004: 4 3 2 1 2 3 4 5 6 7 8 9 10 11 12 13 14 15 
0005: 5 4 3 2 3 4 5 6 7 8 9 10 11 12 13 14 15 16 
0006: 6 5 4 3 4 5 6 7 8 9 10 11 12 13 14 15 16 17 
0007: 7 6 5 4 5 6 7 8 9 10 11 12 13 14 15 16 17 18 
0008: 8 7 6 5 6 7 8 9 10 11 12 13 14 15 16 17 18 19 
0009: 9 8 7 6 7 8 9 10 11 12 13 14 15 16 17 18 19 20 
0010: 10 9 8 7 8 9 10 11 12 13 14 15 16 17 18 19 20 21 
0011: 11 10 9 8 9 10 11 12 13 14 15 16 17 18 19 20 21 22 
0012: 12 11 10 9 10 11 12 13 14 15 16 17 18 19 20 21 22 23 
0013: 13 12 11 10 11 12 13 14 15 16 17 18 19 20 21 22 23 24 
0014: 14 13 12 11 12 13 14 15 16 17 18 19 20 21 22 23 24 25 
e_pos x 0 y 7
size x: 18, y: 15
0000: 6 5 4 3 4 5 6 7 8 9 10 11 12 13 14 15 16 17 
0001: 5 4 3 2 3 4 5 6 7 8 9 10 11 12 13 14 15 16 
0002: 4 3 2 1 2 3 4 5 6 7 8 9 10 11 12 13 14 15 
0003: 3 2 1 0 1 2 3 4 5 6 7 8 9 10 11 12 13 14 
0004: 4 3 2 1 2 3 4 5 6 7 8 9 10 11 12 13 14 15 
0005: 5 4 3 2 3 4 5 6 7 8 9 10 11 12 13 14 15 16 
0006: 6 5 4 3 4 5 6 7 8 9 10 11 12 13 14 15 16 17 
0007: 7 6 5 4 5 6 7 8 9 10 11 12 13 14 15 16 17 18 
0008: 8 7 6 5 6 7 8 9 10 11 12 13 14 15 16 17 18 19 
0009: 9 8 7 6 7 0 9 10 11 12 13 14 15 16 17 18 19 20 
0010: 10 9 8 7 8 9 10 11 12 13 14 15 16 17 18 19 20 21 
0011: 11 10 9 8 9 10 11 12 13 14 15 16 17 18 19 20 21 22 
0012: 12 11 10 9 10 11 12 13 14 15 16 17 18 19 20 21 22 23 
0013: 13 12 11 10 11 12 13 14 15 16 17 18 19 20 21 22 23 24 
0014: 14 13 12 11 12 13 14 15 16 17 18 19 20 21 22 23 24 25 
e_pos x 0 y 7
x 4 y 9 z 0
9 4
rect x 0 y 0 h 1 w 2
Plateau 15 17: x: 17 y: 15
    01234567890123456
000 .................
001 .................
002 .................
003 .OO..............
004 OOO..............
005 OOO..............
006 OO...............
007 OOOO.............
008 OOO..............
009 .....X...........
010 ......XXXXXX.....
011 ..........XXXX...
012 ..............X..
013 .................
014 .................
Piece 1 2: x: 2 y: 1
**
size x: 17, y: 15
0000: 5 4 3 4 5 6 7 8 9 10 11 12 13 14 15 16 17 
0001: 4 3 2 3 4 5 6 7 8 9 10 11 12 13 14 15 16 
0002: 3 2 1 2 3 4 5 6 7 8 9 10 11 12 13 14 15 
0003: 2 1 0 1 2 3 4 5 6 7 8 9 10 11 12 13 14 
0004: 3 2 1 2 3 4 5 6 7 8 9 10 11 12 13 14 15 
0005: 4 3 2 3 4 5 6 7 8 9 10 11 12 13 14 15 16 
0006: 5 4 3 4 5 6 7 8 9 10 11 12 13 14 15 16 17 
0007: 6 5 4 5 6 7 8 9 10 11 12 13 14 15 16 17 18 
0008: 7 6 5 6 7 8 9 10 11 12 13 14 15 16 17 18 19 
0009: 8 7 6 7 8 9 10 11 12 13 14 15 16 17 18 19 20 
0010: 9 8 7 8 9 10 11 12 13 14 15 16 17 18 19 20 21 
0011: 10 9 8 9 10 11 12 13 14 15 16 17 18 19 20 21 22 
0012: 11 10 9 10 11 12 13 14 15 16 17 18 19 20 21 22 23 
0013: 12 11 10 11 12 13 14 15 16 17 18 19 20 21 22 23 24 
0014: 13 12 11 12 13 14 15 16 17 18 19 20 21 22 23 24 25 
e_pos x 0 y 7
size x: 17, y: 15
0000: 5 4 3 4 5 6 7 8 9 10 11 12 13 14 15 16 17 
0001: 4 3 2 3 4 5 6 7 8 9 10 11 12 13 14 15 16 
0002: 3 2 1 2 3 4 5 6 7 8 9 10 11 12 13 14 15 
0003: 2 1 0 1 2 3 4 5 6 7 8 9 10 11 12 13 14 
0004: 3 2 1 2 3 4 5 6 7 8 9 10 11 12 13 14 15 
0005: 4 3 2 3 4 5 6 7 8 9 10 11 12 13 14 15 16 
0006: 5 4 3 4 5 6 7 8 9 10 11 12 13 14 15 16 17 
0007: 6 5 4 5 6 7 8 9 10 11 12 13 14 15 16 17 18 
0008: 7 6 5 6 7 8 9 10 11 12 13 14 15 16 17 18 19 
0009: 8 7 6 7 0 9 10 11 12 13 14 15 16 17 18 19 20 
0010: 9 8 7 8 9 10 11 12 13 14 15 16 17 18 19 20 21 
0011: 10 9 8 9 10 11 12 13 14 15 16 17 18 19 20 21 22 
0012: 11 10 9 10 11 12 13 14 15 16 17 18 19 20 21 22 23 
0013: 12 11 10 11 12 13 14 15 16 17 18 19 20 21 22 23 24 
0014: 13 12 11 12 13 14 15 16 17 18 19 20 21 22 23 24 25 
e_pos x 0 y 7
x 4 y 9 z 0
9 4
rect x 0 y 0 h 1 w 2
Plateau 15 17: x: 17 y: 15
    01234567890123456
000 .................
001 .................
002 .................
003 OOO..............
004 OOO..............
005 OOO..............
006 OO...............
007 OOOO.............
008 OOO..............
009 ....XX...........
010 ......XXXXXX.....
011 ..........XXXX...
012 ..............X..
013 .................
014 .................
Piece 2 3: x: 3 y: 2
**.
...
size x: 17, y: 15
0000: 5 4 3 4 5 6 7 8 9 10 11 12 13 14 15 16 17 
0001: 4 3 2 3 4 5 6 7 8 9 10 11 12 13 14 15 16 
0002: 3 2 1 2 3 4 5 6 7 8 9 10 11 12 13 14 15 
0003: 2 1 0 1 2 3 4 5 6 7 8 9 10 11 12 13 14 
0004: 3 2 1 2 3 4 5 6 7 8 9 10 11 12 13 14 15 
0005: 4 3 2 3 4 5 6 7 8 9 10 11 12 13 14 15 16 
0006: 5 4 3 4 5 6 7 8 9 10 11 12 13 14 15 16 17 
0007: 6 5 4 5 6 7 8 9 10 11 12 13 14 15 16 17 18 
0008: 7 6 5 6 7 8 9 10 11 12 13 14 15 16 17 18 19 
0009: 8 7 6 7 8 9 10 11 12 13 14 15 16 17 18 19 20 
0010: 9 8 7 8 9 10 11 12 13 14 15 16 17 18 19 20 21 
0011: 10 9 8 9 10 11 12 13 14 15 16 17 18 19 20 21 22 
0012: 11 10 9 10 11 12 13 14 15 16 17 18 19 20 21 22 23 
0013: 12 11 10 11 12 13 14 15 16 17 18 19 20 21 22 23 24 
0014: 13 12 11 12 13 14 15 16 17 18 19 20 21 22 23 24 25 
e_pos x 0 y 7
size x: 17, y: 15
0000: 5 4 3 4 5 6 7 8 9 10 11 12 13 14 15 16 17 
0001: 4 3 2 3 4 5 6 7 8 9 10 11 12 13 14 15 16 
0002: 3 2 1 2 3 4 5 6 7 8 9 10 11 12 13 14 15 
0003: 2 1 0 1 2 3 4 5 6 7 8 9 10 11 12 13 14 
0004: 3 2 1 2 3 4 5 6 7 8 9 10 11 12 13 14 15 
0005: 4 3 2 3 4 5 6 7 8 9 10 11 12 13 14 15 16 
0006: 5 4 3 4 5 6 7 8 9 10 11 12 13 14 15 16 17 
0007: 6 5 4 5 6 7 8 9 10 11 12 13 14 15 16 17 18 
0008: 7 6 5 6 7 8 9 10 11 12 13 14 15 16 17 18 19 
0009: 8 7 6 0 8 9 10 11 12 13 14 15 16 17 18 19 20 
0010: 9 8 7 8 9 10 11 12 13 14 15 16 17 18 19 20 21 
0011: 10 9 8 9 10 11 12 13 14 15 16 17 18 19 20 21 22 
0012: 11 10 9 10 11 12 13 14 15 16 17 18 19 20 21 22 23 
0013: 12 11 10 11 12 13 14 15 16 17 18 19 20 21 22 23 24 
0014: 13 12 11 12 13 14 15 16 17 18 19 20 21 22 23 24 25 
e_pos x 0 y 7
x 3 y 9 z 0
9 3
rect x 0 y 0 h 2 w 1
Plateau 15 17: x: 17 y: 15
    01234567890123456
000 .................
001 .................
002 ..OO.............
003 OOOO.............
004 OOO..............
005 OOO..............
006 OO...............
007 OOOO.............
008 OOO..............
009 ...XXX...........
010 ......XXXXXX.....
011 ..........XXXX...
012 ..............X..
013 .................
014 .................
Piece 2 1: x: 1 y: 2
*
*
size x: 17, y: 15
0000: 5 4 3 2 3 4 5 6 7 8 9 10 11 12 13 14 15 
0001: 4 3 2 1 2 3 4 5 6 7 8 9 10 11 12 13 14 
0002: 3 2 1 0 1 2 3 4 5 6 7 8 9 10 11 12 13 
0003: 4 3 2 1 2 3 4 5 6 7 8 9 10 11 12 13 14 
0004: 5 4 3 2 3 4 5 6 7 8 9 10 11 12 13 14 15 
0005: 6 5 4 3 4 5 6 7 8 9 10 11 12 13 14 15 16 
0006: 7 6 5 4 5 6 7 8 9 10 11 12 13 14 15 16 17 
0007: 8 7 6 5 6 7 8 9 10 11 12 13 14 15 16 17 18 
0008: 9 8 7 6 7 8 9 10 11 12 13 14 15 16 17 18 19 
0009: 10 9 8 7 8 9 10 11 12 13 14 15 16 17 18 19 20 
0010: 11 10 9 8 9 10 11 12 13 14 15 16 17 18 19 20 21 
0011: 12 11 10 9 10 11 12 13 14 15 16 17 18 19 20 21 22 
0012: 13 12 11 10 11 12 13 14 15 16 17 18 19 20 21 22 23 
0013: 14 13 12 11 12 13 14 15 16 17 18 19 20 21 22 23 24 
0014: 15 14 13 12 13 14 15 16 17 18 19 20 21 22 23 24 25 
e_pos x 0 y 7
size x: 17, y: 15
0000: 5 4 3 2 3 4 5 6 7 8 9 10 11 12 13 14 15 
0001: 4 3 2 1 2 3 4 5 6 7 8 9 10 11 12 13 14 
0002: 3 2 1 0 1 2 3 4 5 6 7 8 9 10 11 12 13 
0003: 4 3 2 1 2 3 4 5 6 7 8 9 10 11 12 13 14 
0004: 5 4 3 2 3 4 5 6 7 8 9 10 11 12 13 14 15 
0005: 6 5 4 3 4 5 6 7 8 9 10 11 12 13 14 15 16 
0006: 7 6 5 4 5 6 7 8 9 10 11 12 13 14 15 16 17 
0007: 8 7 6 5 6 7 8 9 10 11 12 13 14 15 16 17 18 
0008: 9 8 7 0 0 0 9 10 11 12 13 14 15 16 17 18 19 
0009: 10 9 8 0 0 9 10 11 12 13 14 15 16 17 18 19 20 
0010: 11 10 9 8 9 10 11 12 13 14 15 16 17 18 19 20 21 
0011: 12 11 10 9 10 11 12 13 14 15 16 17 18 19 20 21 22 
0012: 13 12 11 10 11 12 13 14 15 16 17 18 19 20 21 22 23 
0013: 14 13 12 11 12 13 14 15 16 17 18 19 20 21 22 23 24 
0014: 15 14 13 12 13 14 15 16 17 18 19 20 21 22 23 24 25 
e_pos x 0 y 7
x 3 y 8 z 0
8 3
rect x 0 y 0 h 2 w 1
Plateau 15 17: x: 17 y: 15
    01234567890123456
000 .................
001 ..O..............
002 ..OO.............
003 OOOO.............
004 OOO..............
005 OOO..............
006 OO...............
007 OOOO.............
008 OOOX.............
009 ...XXX...........
010 ......XXXXXX.....
011 ..........XXXX...
012 ..............X..
013 .................
014 .................
Piece 2 1: x: 1 y: 2
*
*
size x: 17, y: 15
0000: 3 2 1 2 3 4 5 6 7 8 9 10 11 12 13 14 15 
0001: 2 1 0 1 2 3 4 5 6 7 8 9 10 11 12 13 14 
0002: 3 2 1 2 3 4 5 6 7 8 9 10 11 12 13 14 15 
0003: 4 3 2 3 4 5 6 7 8 9 10 11 12 13 14 15 16 
0004: 5 4 3 4 5 6 7 8 9 10 11 12 13 14 15 16 17 
0005: 6 5 4 5 6 7 8 9 10 11 12 13 14 15 16 17 18 
0006: 7 6 5 6 7 8 9 10 11 12 13 14 15 16 17 18 19 
0007: 8 7 6 7 8 9 10 11 12 13 14 15 16 17 18 19 20 
0008: 9 8 7 8 9 10 11 12 13 14 15 16 17 18 19 20 21 
0009: 10 9 8 9 10 11 12 13 14 15 16 17 18 19 20 21 22 
0010: 11 10 9 10 11 12 13 14 15 16 17 18 19 20 21 22 23 
0011: 12 11 10 11 12 13 14 15 16 17 18 19 20 21 22 23 24 
0012: 13 12 11 12 13 14 15 16 17 18 19 20 21 22 23 24 25 
0013: 14 13 12 13 14 15 16 17 18 19 20 21 22 23 24 25 26 
0014: 15 14 13 14 15 16 17 18 19 20 21 22 23 24 25 26 27 
e_pos x 0 y 7
size x: 17, y: 15
0000: 3 2 1 2 3 4 5 6 7 8 9 10 11 12 13 14 15 
0001: 2 1 0 1 2 3 4 5 6 7 8 9 10 11 12 13 14 
0002: 3 2 1 2 3 4 5 6 7 8 9 10 11 12 13 14 15 
0003: 4 3 2 3 4 5 6 7 8 9 10 11 12 13 14 15 16 
0004: 5 4 3 4 5 6 7 8 9 10 11 12 13 14 15 16 17 
0005: 6 5 4 5 6 7 8 9 10 11 12 13 14 15 16 17 18 
0006: 7 6 5 6 7 8 9 10 11 12 13 14 15 16 17 18 19 
0007: 8 7 6 7 8 9 10 11 12 13 14 15 16 17 18 19 20 
0008: 9 8 7 8 0 0 11 12 13 14 15 16 17 18 19 20 21 
0009: 10 9 8 0 0 11 12 13 14 15 16 17 18 19 20 21 22 
0010: 11 10 9 10 11 12 13 14 15 16 17 18 19 20 21 22 23 
0011: 12 11 10 11 12 13 14 15 16 17 18 19 20 21 22 23 24 
0012: 13 12 11 12 13 14 15 16 17 18 19 20 21 22 23 24 25 
0013: 14 13 12 13 14 15 16 17 18 19 20 21 22 23 24 25 26 
0014: 15 14 13 14 15 16 17 18 19 20 21 22 23 24 25 26 27 
e_pos x 0 y 7
x 4 y 8 z 0
8 4
rect x 0 y 0 h 1 w 3
Plateau 15 17: x: 17 y: 15
    01234567890123456
000 .................
001 .OO..............
002 ..OO.............
003 OOOO.............
004 OOO..............
005 OOO..............
006 OO...............
007 OOOO.............
008 OOOXX............
009 ...XXX...........
010 ......XXXXXX.....
011 ..........XXXX...
012 ..............X..
013 .................
014 .................
Piece 1 3: x: 3 y: 1
***
size x: 17, y: 15
0000: 3 2 1 2 3 4 5 6 7 8 9 10 11 12 13 14 15 
0001: 2 1 0 1 2 3 4 5 6 7 8 9 10 11 12 13 14 
0002: 3 2 1 2 3 4 5 6 7 8 9 10 11 12 13 14 15 
0003: 4 3 2 3 4 5 6 7 8 9 10 11 12 13 14 15 16 
0004: 5 4 3 4 5 6 7 8 9 10 11 12 13 14 15 16 17 
0005: 6 5 4 5 6 7 8 9 10 11 12 13 14 15 16 17 18 
0006: 7 6 5 6 7 8 9 10 11 12 13 14 15 16 17 18 19 
0007: 8 7 6 7 8 9 10 11 12 13 14 15 16 17 18 19 20 
0008: 9 8 7 8 9 10 11 12 13 14 15 16 17 18 19 20 21 
0009: 10 9 8 9 10 11 12 13 14 15 16 17 18 19 20 21 22 
0010: 11 10 9 10 11 12 13 14 15 16 17 18 19 20 21 22 23 
0011: 12 11 10 11 12 13 14 15 16 17 18 19 20 21 22 23 24 
0012: 13 12 11 12 13 14 15 16 17 18 19 20 21 22 23 24 25 
0013: 14 13 12 13 14 15 16 17 18 19 20 21 22 23 24 25 26 
0014: 15 14 13 14 15 16 17 18 19 20 21 22 23 24 25 26 27 
e_pos x 0 y 7
size x: 17, y: 15
0000: 3 2 1 2 3 4 5 6 7 8 9 10 11 12 13 14 15 
0001: 2 1 0 1 2 3 4 5 6 7 8 9 10 11 12 13 14 
0002: 3 2 1 2 3 4 5 6 7 8 9 10 11 12 13 14 15 
0003: 4 3 2 3 4 5 6 7 8 9 10 11 12 13 14 15 16 
0004: 5 4 3 4 5 6 7 8 9 10 11 12 13 14 15 16 17 
0005: 6 5 4 5 6 7 8 9 10 11 12 13 14 15 16 17 18 
0006: 7 6 5 6 7 8 9 10 11 12 13 14 15 16 17 18 19 
0007: 8 7 6 7 8 9 10 11 12 13 14 15 16 17 18 19 20 
0008: 9 8 7 8 0 10 11 12 13 14 15 16 17 18 19 20 21 
0009: 10 0 8 9 10 11 12 13 14 15 16 17 18 19 20 21 22 
0010: 11 10 9 10 11 12 13 14 15 16 17 18 19 20 21 22 23 
0011: 12 11 10 11 12 13 14 15 16 17 18 19 20 21 22 23 24 
0012: 13 12 11 12 13 14 15 16 17 18 19 20 21 22 23 24 25 
0013: 14 13 12 13 14 15 16 17 18 19 20 21 22 23 24 25 26 
0014: 15 14 13 14 15 16 17 18 19 20 21 22 23 24 25 26 27 
e_pos x 0 y 7
x 4 y 8 z 0
8 4
rect x 0 y 0 h 1 w 2
Plateau 15 17: x: 17 y: 15
    01234567890123456
000 .................
001 .OOOO............
002 ..OO.............
003 OOOO.............
004 OOO..............
005 OOO..............
006 OO...............
007 OOOO.............
008 OOOXXXX..........
009 ...XXX...........
010 ......XXXXXX.....
011 ..........XXXX...
012 ..............X..
013 .................
014 .................
Piece 1 2: x: 2 y: 1
**
size x: 17, y: 15
0000: 5 4 3 2 1 2 3 4 5 6 7 8 9 10 11 12 13 
0001: 4 3 2 1 0 1 2 3 4 5 6 7 8 9 10 11 12 
0002: 5 4 3 2 1 2 3 4 5 6 7 8 9 10 11 12 13 
0003: 6 5 4 3 2 3 4 5 6 7 8 9 10 11 12 13 14 
0004: 7 6 5 4 3 4 5 6 7 8 9 10 11 12 13 14 15 
0005: 8 7 6 5 4 5 6 7 8 9 10 11 12 13 14 15 16 
0006: 9 8 7 6 5 6 7 8 9 10 11 12 13 14 15 16 17 
0007: 10 9 8 7 6 7 8 9 10 11 12 13 14 15 16 17 18 
0008: 11 10 9 8 7 8 9 10 11 12 13 14 15 16 17 18 19 
0009: 12 11 10 9 8 9 10 11 12 13 14 15 16 17 18 19 20 
0010: 13 12 11 10 9 10 11 12 13 14 15 16 17 18 19 20 21 
0011: 14 13 12 11 10 11 12 13 14 15 16 17 18 19 20 21 22 
0012: 15 14 13 12 11 12 13 14 15 16 17 18 19 20 21 22 23 
0013: 16 15 14 13 12 13 14 15 16 17 18 19 20 21 22 23 24 
0014: 17 16 15 14 13 14 15 16 17 18 19 20 21 22 23 24 25 
e_pos x 0 y 7
size x: 17, y: 15
0000: 5 4 3 2 1 2 3 4 5 6 7 8 9 10 11 12 13 
0001: 4 3 2 1 0 1 2 3 4 5 6 7 8 9 10 11 12 
0002: 5 4 3 2 1 2 3 4 5 6 7 8 9 10 11 12 13 
0003: 6 5 4 3 2 3 4 5 6 7 8 9 10 11 12 13 14 
0004: 7 6 5 4 3 4 5 6 7 8 9 10 11 12 13 14 15 
0005: 8 7 6 5 4 5 6 7 8 9 10 11 12 13 14 15 16 
0006: 9 8 7 6 5 6 7 8 9 10 11 12 13 14 15 16 17 
0007: 10 9 8 7 6 7 8 9 10 11 12 13 14 15 16 17 18 
0008: 11 10 9 8 7 8 9 10 11 12 13 14 15 16 17 18 19 
0009: 12 11 0 9 8 9 10 11 12 13 14 15 16 17 18 19 20 
0010: 13 12 11 10 9 10 11 12 13 14 15 16 17 18 19 20 21 
0011: 14 13 12 11 10 11 12 13 14 15 16 17 18 19 20 21 22 
0012: 15 14 13 12 11 12 13 14 15 16 17 18 19 20 21 22 23 
0013: 16 15 14 13 12 13 14 15 16 17 18 19 20 21 22 23 24 
0014: 17 16 15 14 13 14 15 16 17 18 19 20 21 22 23 24 25 
e_pos x 0 y 7
x 2 y 9 z 0
9 2
rect x 0 y 0 h 2 w 1
Plateau 15 17: x: 17 y: 15
    01234567890123456
000 ....OO...........
001 .OOOOO...........
002 ..OO.............
003 OOOO.............
004 OOO..............
005 OOO..............
006 OO...............
007 OOOO.............
008 OOOXXXX..........
009 ..XXXX...........
010 ......XXXXXX.....
011 ..........XXXX...
012 ..............X..
013 .................
014 .................
Piece 2 1: x: 1 y: 2
*
*
size x: 17, y: 15
0000: 5 4 3 2 1 0 1 2 3 4 5 6 7 8 9 10 11 
0001: 6 5 4 3 2 1 2 3 4 5 6 7 8 9 10 11 12 
0002: 7 6 5 4 3 2 3 4 5 6 7 8 9 10 11 12 13 
0003: 8 7 6 5 4 3 4 5 6 7 8 9 10 11 12 13 14 
0004: 9 8 7 6 5 4 5 6 7 8 9 10 11 12 13 14 15 
0005: 10 9 8 7 6 5 6 7 8 9 10 11 12 13 14 15 16 
0006: 11 10 9 8 7 6 7 8 9 10 11 12 13 14 15 16 17 
0007: 12 11 10 9 8 7 8 9 10 11 12 13 14 15 16 17 18 
0008: 13 12 11 10 9 8 9 10 11 12 13 14 15 16 17 18 19 
0009: 14 13 12 11 10 9 10 11 12 13 14 15 16 17 18 19 20 
0010: 15 14 13 12 11 10 11 12 13 14 15 16 17 18 19 20 21 
0011: 16 15 14 13 12 11 12 13 14 15 16 17 18 19 20 21 22 
0012: 17 16 15 14 13 12 13 14 15 16 17 18 19 20 21 22 23 
0013: 18 17 16 15 14 13 14 15 16 17 18 19 20 21 22 23 24 
0014: 19 18 17 16 15 14 15 16 17 18 19 20 21 22 23 24 25 
e_pos x 0 y 7
size x: 17, y: 15
0000: 5 4 3 2 1 0 1 2 3 4 5 6 7 8 9 10 11 
0001: 6 5 4 3 2 1 2 3 4 5 6 7 8 9 10 11 12 
0002: 7 6 5 4 3 2 3 4 5 6 7 8 9 10 11 12 13 
0003: 8 7 6 5 4 3 4 5 6 7 8 9 10 11 12 13 14 
0004: 9 8 7 6 5 4 5 6 7 8 9 10 11 12 13 14 15 
0005: 10 9 8 7 6 5 6 7 8 9 10 11 12 13 14 15 16 
0006: 11 10 9 8 7 6 7 8 9 10 11 12 13 14 15 16 17 
0007: 12 11 10 9 0 0 0 9 10 11 12 13 14 15 16 17 18 
0008: 13 12 11 10 9 8 9 10 11 12 13 14 15 16 17 18 19 
0009: 14 13 0 0 0 9 10 11 12 13 14 15 16 17 18 19 20 
0010: 15 14 13 12 11 10 11 12 13 14 15 16 17 18 19 20 21 
0011: 16 15 14 13 12 11 12 13 14 15 16 17 18 19 20 21 22 
0012: 17 16 15 14 13 12 13 14 15 16 17 18 19 20 21 22 23 
0013: 18 17 16 15 14 13 14 15 16 17 18 19 20 21 22 23 24 
0014: 19 18 17 16 15 14 15 16 17 18 19 20 21 22 23 24 25 
e_pos x 0 y 7
x 4 y 7 z 0
7 4
rect x 0 y 0 h 1 w 2
Plateau 15 17: x: 17 y: 15
    01234567890123456
000 O...OO...........
001 OOOOOO...........
002 ..OO.............
003 OOOO.............
004 OOO..............
005 OOO..............
006 OO...............
007 OOOOX............
008 OOOXXXX..........
009 ..XXXX...........
010 ......XXXXXX.....
011 ..........XXXX...
012 ..............X..
013 .................
014 .................
Piece 2 2: x: 2 y: 2
**
..
size x: 17, y: 15
0000: 5 4 3 2 1 0 1 2 3 4 5 6 7 8 9 10 11 
0001: 6 5 4 3 2 1 2 3 4 5 6 7 8 9 10 11 12 
0002: 7 6 5 4 3 2 3 4 5 6 7 8 9 10 11 12 13 
0003: 8 7 6 5 4 3 4 5 6 7 8 9 10 11 12 13 14 
0004: 9 8 7 6 5 4 5 6 7 8 9 10 11 12 13 14 15 
0005: 10 9 8 7 6 5 6 7 8 9 10 11 12 13 14 15 16 
0006: 11 10 9 8 7 6 7 8 9 10 11 12 13 14 15 16 17 
0007: 12 11 10 9 8 7 8 9 10 11 12 13 14 15 16 17 18 
0008: 13 12 11 10 9 8 9 10 11 12 13 14 15 16 17 18 19 
0009: 14 13 12 11 10 9 10 11 12 13 14 15 16 17 18 19 20 
0010: 15 14 13 12 11 10 11 12 13 14 15 16 17 18 19 20 21 
0011: 16 15 14 13 12 11 12 13 14 15 16 17 18 19 20 21 22 
0012: 17 16 15 14 13 12 13 14 15 16 17 18 19 20 21 22 23 
0013: 18 17 16 15 14 13 14 15 16 17 18 19 20 21 22 23 24 
0014: 19 18 17 16 15 14 15 16 17 18 19 20 21 22 23 24 25 
e_pos x 0 y 7
size x: 17, y: 15
0000: 5 4 3 2 1 0 1 2 3 4 5 6 7 8 9 10 11 
0001: 6 5 4 3 2 1 2 3 4 5 6 7 8 9 10 11 12 
0002: 7 6 5 4 3 2 3 4 5 6 7 8 9 10 11 12 13 
0003: 8 7 6 5 4 3 4 5 6 7 8 9 10 11 12 13 14 
0004: 9 8 7 6 5 4 5 6 7 8 9 10 11 12 13 14 15 
0005: 10 9 8 7 6 5 6 7 8 9 10 11 12 13 14 15 16 
0006: 11 10 9 8 7 6 7 8 9 10 11 12 13 14 15 16 17 
0007: 12 11 10 9 0 7 8 9 10 11 12 13 14 15 16 17 18 
0008: 13 12 11 10 9 8 9 10 11 12 13 14 15 16 17 18 19 
0009: 14 0 12 11 10 9 10 11 12 13 14 15 16 17 18 19 20 
0010: 15 14 13 12 11 10 11 12 13 14 15 16 17 18 19 20 21 
0011: 16 15 14 13 12 11 12 13 14 15 16 17 18 19 20 21 22 
0012: 17 16 15 14 13 12 13 14 15 16 17 18 19 20 21 22 23 
0013: 18 17 16 15 14 13 14 15 16 17 18 19 20 21 22 23 24 
0014: 19 18 17 16 15 14 15 16 17 18 19 20 21 22 23 24 25 
e_pos x 0 y 7
x 4 y 7 z 0
7 4
rect x 1 y 0 h 1 w 2
Plateau 15 17: x: 17 y: 15
    01234567890123456
000 OO..OO...........
001 OOOOOO...........
002 ..OO.............
003 OOOO.............
004 OOO..............
005 OOO..............
006 OO...............
007 OOOOXX...........
008 OOOXXXX..........
009 ..XXXX...........
010 ......XXXXXX.....
011 ..........XXXX...
012 ..............X..
013 .................
014 .................
Piece 1 3: x: 3 y: 1
.**
size x: 18, y: 15
0000: 6 5 4 3 2 1 0 1 2 3 4 5 6 7 8 9 10 11 
0001: 7 6 5 4 3 2 1 2 3 4 5 6 7 8 9 10 11 12 
0002: 8 7 6 5 4 3 2 3 4 5 6 7 8 9 10 11 12 13 
0003: 9 8 7 6 5 4 3 4 5 6 7 8 9 10 11 12 13 14 
0004: 10 9 8 7 6 5 4 5 6 7 8 9 10 11 12 13 14 15 
0005: 11 10 9 8 7 6 5 6 7 8 9 10 11 12 13 14 15 16 
0006: 12 11 10 9 8 7 6 7 8 9 10 11 12 13 14 15 16 17 
0007: 13 12 11 10 9 8 7 8 9 10 11 12 13 14 15 16 17 18 
0008: 14 13 12 11 10 9 8 9 10 11 12 13 14 15 16 17 18 19 
0009: 15 14 13 12 11 10 9 10 11 12 13 14 15 16 17 18 19 20 
0010: 16 15 14 13 12 11 10 11 12 13 14 15 16 17 18 19 20 21 
0011: 17 16 15 14 13 12 11 12 13 14 15 16 17 18 19 20 21 22 
0012: 18 17 16 15 14 13 12 13 14 15 16 17 18 19 20 21 22 23 
0013: 19 18 17 16 15 14 13 14 15 16 17 18 19 20 21 22 23 24 
0014: 20 19 18 17 16 15 14 15 16 17 18 19 20 21 22 23 24 25 
e_pos x 0 y 7
size x: 18, y: 15
0000: 6 5 4 3 2 1 0 1 2 3 4 5 6 7 8 9 10 11 
0001: 7 6 5 4 3 2 1 2 3 4 5 6 7 8 9 10 11 12 
0002: 8 7 6 5 4 3 2 3 4 5 6 7 8 9 10 11 12 13 
0003: 9 8 7 6 5 4 3 4 5 6 7 8 9 10 11 12 13 14 
0004: 10 9 8 7 6 5 4 5 6 7 8 9 10 11 12 13 14 15 
0005: 11 10 9 8 7 6 5 6 7 8 9 10 11 12 13 14 15 16 
0006: 12 11 10 9 8 7 6 7 8 9 10 11 12 13 14 15 16 17 
0007: 13 12 11 10 9 0 7 8 9 10 11 12 13 14 15 16 17 18 
0008: 14 13 12 11 10 9 0 9 10 11 12 13 14 15 16 17 18 19 
0009: 15 0 13 12 11 0 9 10 11 12 13 14 15 16 17 18 19 20 
0010: 16 15 14 13 12 11 10 11 12 13 14 15 16 17 18 19 20 21 
0011: 17 16 15 14 13 12 11 12 13 14 15 16 17 18 19 20 21 22 
0012: 18 17 16 15 14 13 12 13 14 15 16 17 18 19 20 21 22 23 
0013: 19 18 17 16 15 14 13 14 15 16 17 18 19 20 21 22 23 24 
0014: 20 19 18 17 16 15 14 15 16 17 18 19 20 21 22 23 24 25 
e_pos x 0 y 7
x 4 y 7 z 0
7 4
rect x 0 y 0 h 2 w 1
Plateau 15 17: x: 17 y: 15
    01234567890123456
000 OOOOOO...........
001 OOOOOO...........
002 ..OO.............
003 OOOO.............
004 OOO..............
005 OOO..............
006 OO...............
007 OOOOXXX..........
008 OOOXXXX..........
009 ..XXXX...........
010 ......XXXXXX.....
011 ..........XXXX...
012 ..............X..
013 .................
014 .................
Piece 2 2: x: 2 y: 2
*.
*.
size x: 17, y: 15
0000: 5 4 3 2 1 0 1 2 3 4 5 6 7 8 9 10 11 
0001: 6 5 4 3 2 1 2 3 4 5 6 7 8 9 10 11 12 
0002: 7 6 5 4 3 2 3 4 5 6 7 8 9 10 11 12 13 
0003: 8 7 6 5 4 3 4 5 6 7 8 9 10 11 12 13 14 
0004: 9 8 7 6 5 4 5 6 7 8 9 10 11 12 13 14 15 
0005: 10 9 8 7 6 5 6 7 8 9 10 11 12 13 14 15 16 
0006: 11 10 9 8 7 6 7 8 9 10 11 12 13 14 15 16 17 
0007: 12 11 10 9 8 7 8 9 10 11 12 13 14 15 16 17 18 
0008: 13 12 11 10 9 8 9 10 11 12 13 14 15 16 17 18 19 
0009: 14 13 12 11 10 9 10 11 12 13 14 15 16 17 18 19 20 
0010: 15 14 13 12 11 10 11 12 13 14 15 16 17 18 19 20 21 
0011: 16 15 14 13 12 11 12 13 14 15 16 17 18 19 20 21 22 
0012: 17 16 15 14 13 12 13 14 15 16 17 18 19 20 21 22 23 
0013: 18 17 16 15 14 13 14 15 16 17 18 19 20 21 22 23 24 
0014: 19 18 17 16 15 14 15 16 17 18 19 20 21 22 23 24 25 
e_pos x 0 y 7
size x: 17, y: 15
0000: 5 4 3 2 1 0 1 2 3 4 5 6 7 8 9 10 11 
0001: 6 5 4 3 2 1 2 3 4 5 6 7 8 9 10 11 12 
0002: 7 6 5 4 3 2 3 4 5 6 7 8 9 10 11 12 13 
0003: 8 7 6 5 4 3 4 5 6 7 8 9 10 11 12 13 14 
0004: 9 8 7 6 5 4 5 6 7 8 9 10 11 12 13 14 15 
0005: 10 9 8 7 6 5 6 7 8 9 10 11 12 13 14 15 16 
0006: 11 10 9 8 0 0 0 8 9 10 11 12 13 14 15 16 17 
0007: 12 11 10 9 8 7 8 9 10 11 12 13 14 15 16 17 18 
0008: 13 12 11 10 9 8 9 10 11 12 13 14 15 16 17 18 19 
0009: 14 13 0 0 0 9 10 11 12 13 14 15 16 17 18 19 20 
0010: 15 14 13 12 11 10 11 12 13 14 15 16 17 18 19 20 21 
0011: 16 15 14 13 12 11 12 13 14 15 16 17 18 19 20 21 22 
0012: 17 16 15 14 13 12 13 14 15 16 17 18 19 20 21 22 23 
0013: 18 17 16 15 14 13 14 15 16 17 18 19 20 21 22 23 24 
0014: 19 18 17 16 15 14 15 16 17 18 19 20 21 22 23 24 25 
e_pos x 0 y 7
x 4 y 6 z 0
6 4
rect x 0 y 0 h 2 w 3
Plateau 15 17: x: 17 y: 15
    01234567890123456
000 OOOOOO...........
001 OOOOOOO..........
002 ..OO.OO..........
003 OOOO.............
004 OOO..............
005 OOO..............
006 OO..X............
007 OOOOXXX..........
008 OOOXXXX..........
009 ..XXXX...........
010 ......XXXXXX.....
011 ..........XXXX...
012 ..............X..
013 .................
014 .................
Piece 2 3: x: 3 y: 2
**.
.**
size x: 17, y: 15
0000: 5 4 3 2 1 0 1 2 3 4 5 6 7 8 9 10 11 
0001: 6 5 4 3 2 1 2 3 4 5 6 7 8 9 10 11 12 
0002: 7 6 5 4 3 2 3 4 5 6 7 8 9 10 11 12 13 
0003: 8 7 6 5 4 3 4 5 6 7 8 9 10 11 12 13 14 
0004: 9 8 7 6 5 4 5 6 7 8 9 10 11 12 13 14 15 
0005: 10 9 8 7 6 5 6 7 8 9 10 11 12 13 14 15 16 
0006: 11 10 9 8 7 6 7 8 9 10 11 12 13 14 15 16 17 
0007: 12 11 10 9 8 7 8 9 10 11 12 13 14 15 16 17 18 
